id, customer,placed_on,total_cost,total_tax,subtotal
1,4,2017-03-05 16:55:52,884.34,101.74,782.6
2,22,2015-09-05 10:20:52,972.4,111.87,860.53
3,19,2016-01-24 11:38:27,105.91,12.18,93.73
4,10,2016-04-25 10:43:25,647.2,74.46,572.74
5,4,2017-12-02 06:27:31,343.27,39.49,303.78
6,6,2016-10-04 06:48:12,503.86,57.97,445.89
7,11,2017-03-25 10:52:14,1061.92,122.17,939.75
8,31,2017-07-24 20:37:22,439.99,50.62,389.37
9,17,2015-01-15 17:52:33,948.16,109.08,839.08
10,30,2014-12-26 18:31:46,532.77,61.29,471.48
11,25,2014-05-11 14:16:06,383.1,44.07,339.03
12,14,2017-06-24 22:48:02,91.2,10.49,80.71
13,3,2018-01-07 08:08:18,3.29,0.38,2.91
14,30,2015-01-17 09:20:01,402.84,46.34,356.5
15,10,2017-12-02 17:07:12,1417.27,163.05,1254.22
16,10,2014-08-05 23:03:47,395.77,45.53,350.24
17,22,2015-08-10 23:54:46,480.44,55.27,425.17
18,11,2018-07-08 02:35:28,537.62,61.85,475.77
19,5,2014-09-12 01:08:06,646.64,74.39,572.25
20,30,2017-03-13 22:08:08,936.61,107.75,828.86
21,23,2016-08-11 06:25:35,182.79,21.03,161.76
22,18,2014-08-21 21:26:03,200.7,23.09,177.61
23,12,2018-01-27 09:36:01,220.32,25.35,194.97
24,8,2015-09-24 03:31:21,641.23,73.77,567.46
25,20,2017-10-14 10:04:09,655.35,75.39,579.96
26,22,2015-05-22 03:54:27,676.1,77.78,598.32
27,28,2015-07-19 22:17:30,835.91,96.17,739.74
28,20,2016-02-01 20:14:48,689.32,79.3,610.02
29,20,2017-10-06 09:21:19,120.93,13.91,107.02
30,3,2017-01-26 18:49:36,221.29,25.46,195.83
31,5,2015-06-07 21:43:14,439.56,50.57,388.99
32,15,2016-04-20 04:02:45,935.97,107.68,828.29
33,26,2016-08-21 23:45:53,543.74,62.55,481.19
34,3,2016-11-13 11:56:42,77.12,8.87,68.25
35,18,2014-08-24 22:17:17,410.81,47.26,363.55
36,29,2014-11-04 08:38:27,619.69,71.29,548.4
37,21,2016-01-24 17:31:50,352.53,40.56,311.97
38,18,2016-03-03 04:26:05,811.52,93.36,718.16
39,23,2017-04-06 07:56:26,404.02,46.48,357.54
40,9,2018-02-10 23:12:14,33.31,3.83,29.48
41,28,2016-01-17 23:54:58,631.82,72.69,559.13
42,4,2016-03-04 13:45:04,1191.55,137.08,1054.47
43,5,2015-08-08 19:16:39,396.31,45.59,350.72
44,23,2014-08-15 16:54:29,1062.69,122.26,940.43
45,4,2018-10-07 17:02:05,89.91,10.34,79.57
46,6,2014-01-25 07:27:13,95.04,10.93,84.11
47,27,2014-03-03 22:51:10,391.59,45.05,346.54
48,22,2014-04-16 14:31:36,1001.82,115.25,886.57
49,8,2015-11-12 07:36:29,1204.56,138.58,1065.98
50,8,2015-01-01 09:17:13,219.38,25.24,194.14
51,23,2018-11-02 05:48:49,855.57,98.43,757.14
52,22,2014-03-15 03:28:42,164.23,18.89,145.34
53,9,2018-12-12 12:13:32,1593.89,183.37,1410.52
54,24,2016-03-16 10:44:15,373.83,43.01,330.82
55,13,2018-05-13 17:08:40,717.73,82.57,635.16
56,9,2014-02-02 13:09:03,421.34,48.47,372.87
57,23,2017-11-08 05:38:13,483.93,55.67,428.26
58,15,2014-01-22 08:23:25,458.38,52.73,405.65
59,10,2014-12-08 15:57:44,162.51,18.7,143.81
60,7,2016-09-22 14:32:34,1007.63,115.92,891.71
61,27,2017-03-22 23:17:49,228.59,26.3,202.29
62,27,2017-10-18 23:37:36,595.62,68.52,527.1
63,31,2017-01-26 09:09:47,622.52,71.62,550.9
64,3,2018-02-06 01:14:53,887.62,102.12,785.5
65,27,2015-10-16 12:26:47,647.05,74.44,572.61
66,29,2015-12-10 09:47:48,522.5,60.11,462.39
67,17,2018-09-13 06:18:24,1344.01,154.62,1189.39
68,14,2018-04-23 23:43:09,1310.49,150.76,1159.73
69,11,2018-02-07 02:44:19,317.29,36.5,280.79
70,4,2016-09-20 12:01:55,646.08,74.33,571.75
71,8,2016-12-08 05:51:11,307.74,35.4,272.34
72,1,2016-11-11 08:19:47,192.26,22.12,170.14
73,10,2016-09-20 01:32:38,43.09,4.96,38.13
74,4,2017-07-17 03:20:39,82.22,9.46,72.76
75,18,2015-02-03 05:28:14,877.12,100.91,776.21
76,5,2016-11-21 06:01:58,510.51,58.73,451.78
77,1,2014-02-19 10:13:51,586.7,67.5,519.2
78,21,2014-04-19 15:27:33,396.98,45.67,351.31
79,12,2015-02-24 10:21:20,1588.45,182.74,1405.71
80,16,2014-09-28 21:14:13,107.7,12.39,95.31
81,1,2014-11-07 01:50:28,750.29,86.32,663.97
82,10,2016-07-25 18:47:07,888.95,102.27,786.68
83,3,2018-03-09 12:23:26,841.35,96.79,744.56
84,6,2017-06-09 13:58:33,350.63,40.34,310.29
85,10,2017-05-11 03:56:27,700.65,80.61,620.04
86,5,2015-02-19 06:27:02,854.16,98.27,755.89
87,27,2014-04-20 19:06:31,666.24,76.65,589.59
88,13,2016-04-25 07:57:51,884.93,101.81,783.12
89,20,2017-03-21 18:07:20,380.15,43.73,336.42
90,31,2014-10-17 11:59:35,1430.98,164.63,1266.35
91,17,2017-01-17 03:37:57,592.09,68.12,523.97
92,24,2016-03-16 21:26:44,412.36,47.44,364.92
93,28,2018-05-04 19:04:32,1235.81,142.17,1093.64
94,21,2014-11-10 17:42:55,876.8,100.87,775.93
95,27,2016-05-03 16:46:21,600.89,69.13,531.76
96,25,2017-07-03 11:26:47,333.76,38.4,295.36
97,2,2015-05-18 15:17:31,457.68,52.65,405.03
98,31,2014-11-17 12:09:01,273.06,31.41,241.65
99,16,2016-01-16 16:01:48,617.29,71.02,546.27
100,22,2018-11-20 08:10:53,5.63,0.65,4.98
101,3,2018-04-05 05:30:01,757.56,87.15,670.41
102,11,2016-07-03 05:38:52,387.77,44.61,343.16
103,24,2016-10-02 14:37:50,80.44,9.25,71.19
104,2,2014-02-21 14:58:25,655.8,75.45,580.35
105,23,2014-06-26 19:34:57,1297.96,149.32,1148.64
106,15,2018-02-08 20:29:16,264.8,30.46,234.34
107,2,2014-01-14 07:27:17,761.37,87.59,673.78
108,28,2016-11-05 13:24:42,141.15,16.24,124.91
109,27,2014-09-23 07:56:51,180.79,20.8,159.99
110,24,2015-04-28 17:52:02,655.17,75.37,579.8
111,21,2016-07-17 07:57:35,394.96,45.44,349.52
112,13,2016-09-10 16:27:21,933.59,107.4,826.19
113,28,2014-01-07 01:28:36,0.99,0.11,0.88
114,3,2015-05-07 05:46:38,565.07,65.01,500.06
115,31,2015-12-28 05:27:39,970.81,111.69,859.12
116,18,2017-03-28 04:44:53,1006.54,115.8,890.74
117,24,2015-03-08 16:43:13,1722.49,198.16,1524.33
118,27,2017-12-06 21:58:06,1051.86,121.01,930.85
119,29,2015-12-28 19:08:05,190.7,21.94,168.76
120,23,2014-03-26 09:38:43,397.41,45.72,351.69
121,1,2014-03-12 16:48:01,81.5,9.38,72.12
122,5,2017-07-03 20:39:18,65.68,7.56,58.12
123,3,2018-04-23 02:30:28,276.1,31.76,244.34
124,4,2015-10-22 07:38:43,1241.93,142.88,1099.05
125,30,2016-12-03 13:24:37,260.49,29.97,230.52
126,7,2014-07-04 15:55:24,762.15,87.68,674.47
127,23,2016-11-25 11:54:52,320.08,36.82,283.26
128,19,2016-09-26 09:13:35,1621.44,186.54,1434.9
129,28,2018-06-26 17:22:18,572.83,65.9,506.93
130,9,2015-01-20 23:39:51,1110.11,127.71,982.4
131,14,2018-01-03 12:03:11,37.53,4.32,33.21
132,26,2016-09-12 15:44:46,66.74,7.68,59.06
133,24,2014-10-12 02:46:32,965.77,111.11,854.66
134,17,2014-08-03 20:22:20,1100.34,126.59,973.75
135,27,2014-11-15 21:20:41,721.97,83.06,638.91
136,11,2018-11-20 14:02:41,387.52,44.58,342.94
137,3,2015-11-22 18:55:10,850.16,97.81,752.35
138,3,2015-10-06 13:52:45,303.56,34.92,268.64
139,9,2014-10-17 01:14:34,62.24,7.16,55.08
140,29,2016-06-16 18:24:01,345.54,39.75,305.79
141,8,2018-11-24 13:57:23,676.88,77.87,599.01
142,18,2016-08-20 15:31:07,171.44,19.72,151.72
143,31,2014-06-14 15:30:40,149.95,17.25,132.7
144,28,2014-06-16 21:17:54,668.46,76.9,591.56
145,31,2017-12-10 17:30:06,1211.03,139.32,1071.71
146,11,2014-05-11 17:59:36,1574.28,181.11,1393.17
147,27,2014-02-16 16:09:51,1054.78,121.35,933.43
148,1,2017-01-08 10:57:05,2202,253.33,1948.67
149,2,2017-03-01 22:44:02,227.72,26.2,201.52
150,11,2014-02-17 01:25:58,795.57,91.53,704.04
151,20,2014-06-06 05:21:56,962.31,110.71,851.6
152,9,2014-10-05 17:36:32,886.36,101.97,784.39
153,22,2015-07-28 01:50:48,428.51,49.3,379.21
154,30,2018-08-28 14:01:15,286.12,32.92,253.2
155,29,2018-04-06 11:46:30,1568.59,180.46,1388.13
156,17,2015-04-14 21:57:28,739.34,85.06,654.28
157,29,2014-04-18 14:44:12,870.67,100.17,770.5
158,1,2017-05-04 11:10:08,119.76,13.78,105.98
159,18,2015-10-25 21:56:48,310.87,35.76,275.11
160,24,2016-03-09 09:43:58,1252.15,144.05,1108.1
161,19,2015-02-15 11:18:16,1441.43,165.83,1275.6
162,23,2017-09-18 14:10:54,143.46,16.5,126.96
163,5,2015-03-26 01:35:18,827.34,95.18,732.16
164,17,2016-01-25 13:31:43,172.37,19.83,152.54
165,23,2016-08-14 17:03:22,857.22,98.62,758.6
166,1,2015-10-13 15:54:28,883.41,101.63,781.78
167,8,2017-10-03 14:54:47,195.69,22.51,173.18
168,2,2015-03-05 09:31:59,163.79,18.84,144.95
169,9,2014-12-16 05:12:01,249.81,28.74,221.07
170,16,2018-02-20 22:59:13,11.07,1.27,9.8
171,22,2014-06-03 10:58:53,1217.16,140.03,1077.13
172,9,2014-03-16 16:21:50,468.03,53.84,414.19
173,26,2015-08-14 06:02:14,90.41,10.4,80.01
174,10,2018-12-11 16:59:57,714.39,82.19,632.2
175,7,2016-11-12 03:47:22,416.22,47.88,368.34
176,7,2018-10-21 03:39:50,675.81,77.75,598.06
177,12,2017-02-08 02:32:09,166.13,19.11,147.02
178,6,2018-04-24 11:47:34,1863.69,214.41,1649.28
179,10,2017-11-26 17:21:12,207.31,23.85,183.46
180,31,2017-03-24 22:28:54,19.12,2.2,16.92
181,6,2014-01-14 20:03:43,1937.34,222.88,1714.46
182,7,2016-10-08 17:58:26,80.14,9.22,70.92
183,17,2015-03-05 18:04:37,553.72,63.7,490.02
184,28,2015-05-09 01:37:59,117.26,13.49,103.77
185,2,2014-01-10 09:23:48,455.41,52.39,403.02
186,28,2016-02-04 10:44:07,292.79,33.68,259.11
187,27,2016-01-25 12:20:26,185.69,21.36,164.33
188,27,2014-10-02 10:48:32,559.97,64.42,495.55
189,18,2016-06-22 22:26:49,1356.02,156,1200.02
190,22,2015-06-02 11:18:23,1585.15,182.36,1402.79
191,6,2017-07-15 09:52:40,85.83,9.87,75.96
192,2,2017-05-18 21:03:42,172.97,19.9,153.07
193,12,2018-11-11 01:08:21,30.41,3.5,26.91
194,25,2016-12-23 04:36:12,565.81,65.09,500.72
195,27,2014-09-14 03:49:45,416.22,47.88,368.34
196,2,2016-10-27 23:36:31,886.24,101.96,784.28
197,8,2016-07-15 14:26:40,1185.83,136.42,1049.41
198,14,2018-07-05 13:12:51,742.21,85.39,656.82
199,24,2014-10-02 17:20:52,1167.11,134.27,1032.84
200,12,2018-08-07 22:35:01,420.46,48.37,372.09
